2.449729437229437035e-01
2.833207070707071118e-01
2.824080086580086357e-01
2.881295093795094298e-01
3.155952380952380953e-01
2.966089466089465998e-01
2.872988816738816231e-01
2.792316017316016641e-01
2.992929292929292773e-01
3.010551948051948257e-01
2.793596681096681134e-01
2.829004329004328744e-01
2.848593073593073677e-01
3.241378066378066136e-01
2.973124098124098058e-01
3.063492063492063711e-01
3.098917748917748849e-01
2.903679653679653860e-01
2.918073593073593486e-01
2.989808802308802083e-01
2.979076479076478989e-01
3.140097402597402665e-01
3.184740259740259649e-01
2.749188311688312014e-01
2.976785714285714035e-01
3.166125541125541232e-01
2.896843434343434609e-01
2.838816738816738461e-01
3.008549783549783196e-01
3.288546176046176495e-01
3.154491341991342290e-01
3.119967532467532445e-01
3.320147907647907903e-01
3.079779942279942118e-01
3.102453102453102129e-01
2.780681818181818254e-01
2.978607503607503260e-01
3.170256132756132939e-01
2.625811688311688874e-01
3.136038961038961070e-01
3.017225829725829755e-01
2.895274170274170222e-01
2.964718614718614975e-01
2.890710678210678397e-01
2.826226551226551087e-01
2.951749639249639512e-01
3.057106782106782106e-01
2.898430735930735969e-01
2.940205627705627656e-01
2.747745310245310324e-01
2.722781385281385358e-01
3.064736652236652037e-01
2.806277056277056703e-01
3.104545454545454830e-01
2.861544011544011612e-01
2.804816017316017485e-01
3.029996392496392410e-01
2.848214285714285587e-01
3.031114718614718040e-01
2.964953102453102840e-01
3.103192640692640225e-01
2.836327561327561253e-01
3.062590187590187307e-01
3.124819624819624719e-01
2.875919913419913709e-01
2.786904761904762107e-01
3.148611111111111471e-01
2.954978354978354815e-01
3.107954545454545414e-01
2.931385281385280872e-01
2.887716450216449848e-01
2.942316017316017329e-01
2.764610389610389629e-01
2.944624819624819811e-01
2.929788961038960471e-01
2.721158008658008387e-01
2.898538961038961137e-01
2.818578643578643628e-01
2.902507215007215091e-01
2.961038961038960915e-01
2.895472582972583031e-01
3.068452380952381153e-01
2.710930735930735525e-01
2.731764069264069339e-01
3.126533189033188775e-01
2.994011544011543902e-01
2.914971139971139769e-01
2.832972582972582698e-01
3.017676767676767957e-01
2.761634199134199164e-01
3.118488455988456254e-01
2.961309523809523836e-01
3.035515873015872668e-01
3.193290043290042957e-01
3.096663059163058951e-01
3.024440836940836541e-01
3.108603896103896425e-01
2.738798701298701399e-01
2.949639249639249283e-01
2.798538961038961048e-01
