1.094949494949495061e-01
1.406060606060605955e-01
1.450505050505050408e-01
1.464646464646464641e-01
1.452525252525252719e-01
1.498989898989898928e-01
1.484848484848484973e-01
1.486868686868687006e-01
1.482828282828282940e-01
1.490909090909091073e-01
1.488888888888889039e-01
1.496969696969696895e-01
1.472727272727272774e-01
1.470707070707071018e-01
1.488888888888889039e-01
1.468686868686868707e-01
1.482828282828282940e-01
1.476767676767676840e-01
1.474747474747474807e-01
1.466666666666666952e-01
1.498989898989899205e-01
1.496969696969697172e-01
1.494949494949494861e-01
1.498989898989898928e-01
1.507070707070707061e-01
1.482828282828282940e-01
1.488888888888889039e-01
1.519191919191919260e-01
1.511111111111111405e-01
1.513131313131313160e-01
1.488888888888889317e-01
1.501010101010101239e-01
1.521212121212121571e-01
1.515151515151515194e-01
1.498989898989898928e-01
1.496969696969697172e-01
1.505050505050505028e-01
1.511111111111111405e-01
1.486868686868687006e-01
1.519191919191919260e-01
1.509090909090909371e-01
1.478787878787879151e-01
1.480808080808080907e-01
1.494949494949494861e-01
1.503030303030303272e-01
1.505050505050505028e-01
1.509090909090909094e-01
1.492929292929293106e-01
1.498989898989898928e-01
1.492929292929293106e-01
1.484848484848484973e-01
1.490909090909091073e-01
1.501010101010101239e-01
1.484848484848484973e-01
1.496969696969697172e-01
1.515151515151515194e-01
1.501010101010101239e-01
1.496969696969697172e-01
1.521212121212121571e-01
1.509090909090909094e-01
1.505050505050505028e-01
1.494949494949494861e-01
1.521212121212121571e-01
1.507070707070707338e-01
1.492929292929293106e-01
1.482828282828282940e-01
1.505050505050505028e-01
1.503030303030303272e-01
1.511111111111111405e-01
1.515151515151515471e-01
1.498989898989898928e-01
1.517171717171717227e-01
1.501010101010101239e-01
1.517171717171717227e-01
1.505050505050505028e-01
1.492929292929293106e-01
1.513131313131313160e-01
1.496969696969696895e-01
1.515151515151515194e-01
1.511111111111111405e-01
1.507070707070707338e-01
1.517171717171716949e-01
1.519191919191919538e-01
1.523232323232323326e-01
1.515151515151515194e-01
1.523232323232323326e-01
1.505050505050505028e-01
1.505050505050505028e-01
1.517171717171717227e-01
1.515151515151515194e-01
1.529292929292929704e-01
1.527272727272727393e-01
1.517171717171716949e-01
1.527272727272727115e-01
1.521212121212121571e-01
1.511111111111111405e-01
1.519191919191919538e-01
1.517171717171717227e-01
1.517171717171717227e-01
1.501010101010101239e-01
