4.340481291996443058e-01
5.848225035346248379e-01
5.948613844068390000e-01
6.103641027883452974e-01
6.059384246505459259e-01
6.165557814800238789e-01
6.156211100908070000e-01
6.153772574227118763e-01
6.147707959829171731e-01
6.223575218272188181e-01
6.184313554010523184e-01
6.259767224918739714e-01
6.125904062267698569e-01
6.052100004372731323e-01
6.183253895375107057e-01
6.109243954698501122e-01
6.172845700876004038e-01
6.140201072776830804e-01
6.106981430466278393e-01
6.104310420219510869e-01
6.230382103866952681e-01
6.224713586077221805e-01
6.186506114536417522e-01
6.180296471205561915e-01
6.240674056583147555e-01
6.198326701357004254e-01
6.186646406343376814e-01
6.279046598743568408e-01
6.236525427434518321e-01
6.258961549113063461e-01
6.159747183232032741e-01
6.244798635707725643e-01
6.309970192545950596e-01
6.312568323931959657e-01
6.208940049849140941e-01
6.212796799160434924e-01
6.207702931187778495e-01
6.230830308860612066e-01
6.186669727578818501e-01
6.291019502383138340e-01
6.289573221391403512e-01
6.151685688049323142e-01
6.122858454676636253e-01
6.209036978733949441e-01
6.271567770052618451e-01
6.249601352631656281e-01
6.258318757561182055e-01
6.140020697596454413e-01
6.140041468071769648e-01
6.186918244494001851e-01
6.175807862171498464e-01
6.208298715874474016e-01
6.239059425423061356e-01
6.142362295392598259e-01
6.209401737432039825e-01
6.348057413966505802e-01
6.219274272304575746e-01
6.235677117495297406e-01
6.346130132493769116e-01
6.255890433920736626e-01
6.257381535411837836e-01
6.239428192458494893e-01
6.323539143236112103e-01
6.287909032606002757e-01
6.193881455245092704e-01
6.167610083519173836e-01
6.263657862900287032e-01
6.249052210415846353e-01
6.260692422056058914e-01
6.328522235340416913e-01
6.226785167694258716e-01
6.344470680834317644e-01
6.321751424781727469e-01
6.344824143308991360e-01
6.264428192458495470e-01
6.212315798679435286e-01
6.339877126240762717e-01
6.185580188610491081e-01
6.298996093693064457e-01
6.270075210984301650e-01
6.253033946973342028e-01
6.301401824886673220e-01
6.343099829463465511e-01
6.370925707289343265e-01
6.287492165522468035e-01
6.405516929759353939e-01
6.313863016893319635e-01
6.281861180346027806e-01
6.312852915883219174e-01
6.343805296835599572e-01
6.401950967102482126e-01
6.416032256183771265e-01
6.385877534362381924e-01
6.394375209526724779e-01
6.386614339644642868e-01
6.300082353112655964e-01
6.384561342137099471e-01
6.328510210328393004e-01
6.366668853032487752e-01
6.276681679711981765e-01
